000000000111
000000000011
111111110011
011000111111
011000110011
011000110011
011000111111
111111110011
111111110011
010000000011
000000011100
000001111110
000001100011
000011100011
000011100011
000001100111
000000111110

000000000111
000000000011
011111100011
111111110011
000001110011
000001100011
000011000011
000111000011
000111100011
001100110011
011000111011
110000011011
000000000011
000000000011
000000000011
000000000011
000000000011

000000000111
000000000011
001111100011
011101111111
111000110011
110000110011
110000110011
011000111111
011111111111
000111000011
000000000011
000111000011
000011000011
000011000000
000011000000
000011111111
000001111111
